-334.4643 -197.3225 -918.4593 -511.5577 -144.2044 -662.0171 -751.1672 -144.2939 -331.3173 -878.8484
-249.2074 -751.2505 -200.1839 -465.3023 -406.3977 -625.3318 -841.9146 -891.3612 -910.4751 -113.6916
-142.5116 -832.4687 -29.5559 -741.6549 -746.3352 -612.9299 -610.3819 -829.2672 -923.6364 -577.335
-338.57 -219.3342 -965.8627 -629.8593 -667.0834 -533.8726 -899.3231 -943.9076 -598.7305 -303.8834
-250.2016 -709.5534 -395.0192 -738.2504 -310.7661 -596.5101 -391.1268 -421.7026 -734.027 -753.585
-379.0318 -631.9553 -604.4546 -310.9053 -787.1269 -676.1622 -79.1723 -359.0097 -930.9014 -886.3079
-894.4116 -381.2105 -373.5067 -386.3521 -679.4409 -934.4254 -932.5668 -772.4534 -891.8525 -917.3972
-64.1111 -619.1094 -576.5227 -102.5801 -100.6738 -832.3083 -129.6082 -367.9312 -438.1833 -131.5568
-773.3368 -785.8503 -403.3029 -973.4593 -43.5745 -761.4548 -286.0502 -578.8336 -255.1347 -95.328
-216.2024 -9.711 -357.8473 -309.1061 -952.1819 -562.9897 -109.4266 -860.9766 -215.7902 -957.605
-611.7263 -214.2197 -993.6206 -474.6657 -13.8674 -429.5093 -13.3533 -146.4099 -494.0853 -437.8535
-220.7173 -947.0654 -299.8026 -609.1074 -643.8397 -791.2284 -991.6572 -757.4412 -32.3257 -938.4826
-100.2431 -69.0608 -959.0512 -98.6904 -294.2802 -439.1926 -358.6623 -8.6147 -30.6664 -275.6984
-218.829 -936.0079 -221.8792 -661.363 -721.9574 -25.1435 -372.1754 -303.9495 -380.8887 -755.1616
-63.6792 -969.9352 -807.3949 -629.4873 -486.556 -78.7473 -89.3651 -36.5605 -653.969 -738.775